В работе

Не конвертировано:


Полностью готово (не засубмичено):
662, 663, 379, 380, 381, 559, 560, 561, 562, 563, 640, 665, 204, 54, 55, 56, 30, 382, 564, 565, 566, 567, 568, 569, 570, 571, 572, 574, 232, 233, 282, 283, 285, 286, 287, 288, 289, 290, 291, 292, 293, 294, 295, 296, 298, 735, 209, 200, 267, 641, 90, 91

Изменено:
237, 238, 197, 556
Не засубмичено на гитхаб:


Засубмичено, но не конвертировано:
45, 196, 265, 442, 443, 719, 727, 802, 
720, 721, 722, 237, 226
238, 279, 222, 223, 224, 750, 751, 34
221, 210, 203, 249, 284, 10, 44, 187, 199, 211
749, 300, 302
273, 3, 5, 6, 803
747, 816, 729, 239, 254, 270, 271, 21
24, 25, 197, 191, 423, 664, 716

666, 546, 545, 543, 190, 542, 548, 549, 733, 445, 544, 547, 550, 373, 375,  552, 553, 554, 555, 556, 
730, 376, 377, 435, 20, 46, 23, 40, 17
728, 675, 557, 558, 378




Не засубмичено на гитхаб, конвертировано:
666, 546, 545, 543, 190, 542, 548, 549, 733, 445, 544, 547, 550, 373, 375, 23, 552, 553, 554, 555, 

20, 46, 23, 40, 17, 666, 546, 545, 543, 190, 542, 548, 549, 733, 445, 544, 547, 550, 373, 375,  552, 553, 554, 555, 556, 730, 376, 377, 435

Засубмичено, конвертировано:
219, 3, 5, 6, 10, 45, 44, 802, 803, 237, 238, 210, 196, 727, 221, 222, 223, 224
197, 191, 24, 25, 423, 664, 716
666, 546, 545, 543, 190, 542, 548, 549, 733, 445, 544, 547, 550, 373, 375,  552, 553, 554, 555, 556, 
730, 376, 377, 435, 20, 46, 23, 40, 17
728, 675, 557, 558, 378

В работе на вставку в игру:


Вставлено в игру:
219, 3, 5, 6, 10, 45, 44, 802, 803, 237, 238, 210, 196, 727, 221, 222, 223, 224
197, 191, 24, 25, 423, 664, 716
666, 546, 545, 543, 190, 542, 548, 549, 733, 445, 544, 547, 550, 373, 375,  552, 553, 554, 555, 556, 
730, 376, 377, 435, 20, 46, 23, 40, 17
728, 675, 557, 558, 378

План работ

- Шрифты (выполнено)

Важные элементы игры

- Интерфейс
- Предметы
- Покемоны
- Атаки
- Системные сообщения

Сюжетные диалоги

- Персонажи
- События

Второстепенные диалоги
Booted up the PC
There is a TV here
It's a Wii!
You're finally awake




